-- Kick Bypass, don't change.
local old;
old = hookfunction(getrawmetatable(game).__namecall,function(...)
    local method = getnamecallmethod():lower()
    local args = {...}
    if method == "kick" or method == "fireserver" and tostring(args[1]) == "kickPlyr" then
        return
    end
    return old(...)
end)

local Library = loadstring(game:HttpGet("https://raw.githubusercontent.com/xHeptc/Kavo-UI-Library/main/source.lua"))()

local Window = Library.CreateLib("Bloody Winter v2", "Ocean")



  local MainTab = Window:NewTab("Main")
local FeaturesSelect = MainTab:NewSection("Features")
FeaturesSelect:NewButton("Godmode(Don't use any type of healing items after executing!", "Don't use any type of healing item as it will reset your health to 100",function(bool)
People = game.Players.LocalPlayer.Character
game.Workspace.resources.events.humTakeDamage:FireServer(People.Humanoid, -9999999)
  end)

  FeaturesSelect:NewButton("Credits Script", "nil",function()
    while wait() do

        local args = {
            [1] = workspace.commonInfected.Zombie.Humanoid,
            [2] = 100,
            [3] = workspace.commonInfected.Zombie.Head
        }
        
        workspace.resources.events.humTakeDamage:FireServer(unpack(args))
        
        end
    
    
    
      end)



      FeaturesSelect:NewButton("Item Spawner GUI", "Gives you a GUI that allows you to spawn items",function()
-- [Spawn GUI]

local spawner = Instance.new("ScreenGui")
local Main = Instance.new("Frame")
local ItemFrame = Instance.new("ScrollingFrame")
local ItemSearch = Instance.new("TextBox")
local SpawnButton = Instance.new("TextButton")
local Title = Instance.new("TextLabel")


spawner.Name = "spawner"
spawner.Parent = game.CoreGui

Main.Name = "Main"
Main.Parent = spawner
Main.BackgroundColor3 = Color3.new(0.701961, 0.701961, 0.701961)
Main.BorderSizePixel = 0
Main.Position = UDim2.new(0, 667, 0, 228)
Main.Size = UDim2.new(0, 266, 0, 244)
Main.Active = true
Main.Draggable = true

ItemFrame.Name = "ItemFrame"
ItemFrame.Parent = Main
ItemFrame.BackgroundColor3 = Color3.new(0.317647, 0.317647, 0.317647)
ItemFrame.BorderSizePixel = 0
ItemFrame.Position = UDim2.new(0, 56, 0, 76)
ItemFrame.Size = UDim2.new(0, 155, 0, 92)
ItemFrame.BottomImage = "rbxasset://textures/ui/Scroll/scroll-middle.png"
ItemFrame.CanvasSize = UDim2.new(0, 0, 0, 0)
ItemFrame.TopImage = "rbxasset://textures/ui/Scroll/scroll-middle.png"

ItemSearch.Name = "ItemSearch"
ItemSearch.Parent = Main
ItemSearch.BackgroundColor3 = Color3.new(0.533333, 0.533333, 0.533333)
ItemSearch.BorderSizePixel = 0
ItemSearch.Position = UDim2.new(0, 56, 0, 53)
ItemSearch.Size = UDim2.new(0, 155, 0, 25)
ItemSearch.Font = Enum.Font.SourceSansBold
ItemSearch.FontSize = Enum.FontSize.Size14
ItemSearch.Text = "Search for an item!"
ItemSearch.TextColor3 = Color3.new(1, 1, 1)
ItemSearch.TextScaled = true
ItemSearch.TextSize = 14
ItemSearch.TextWrapped = true

SpawnButton.Name = "SpawnButton"
SpawnButton.Parent = Main
SpawnButton.BackgroundColor3 = Color3.new(0.027451, 1, 0.482353)
SpawnButton.BorderSizePixel = 0
SpawnButton.Position = UDim2.new(0, 34, 0, 186)
SpawnButton.Size = UDim2.new(0, 199, 0, 35)
SpawnButton.ZIndex = 2
SpawnButton.AutoButtonColor = false
SpawnButton.Font = Enum.Font.ArialBold
SpawnButton.FontSize = Enum.FontSize.Size14
SpawnButton.Text = "SPAWN"
SpawnButton.TextColor3 = Color3.new(1, 1, 1)
SpawnButton.TextScaled = true
SpawnButton.TextSize = 14
SpawnButton.TextWrapped = true

Title.Name = "Title"
Title.Parent = Main
Title.BackgroundColor3 = Color3.new(1, 1, 1)
Title.BackgroundTransparency = 1
Title.BorderSizePixel = 0
Title.Size = UDim2.new(0, 266, 0, 30)
Title.Font = Enum.Font.SourceSansBold
Title.FontSize = Enum.FontSize.Size14
Title.Text = "DeadWinter"
Title.TextColor3 = Color3.new(1, 1, 1)
Title.TextScaled = true
Title.TextSize = 14
Title.TextWrapped = true

local backgroundObjects = Instance.new('Folder', spawner.Main)
backgroundObjects.Name = 'BackgroundObjects'

local SpawnButton = Instance.new("TextButton", backgroundObjects)
SpawnButton.Name = "SpawnButton"
SpawnButton.Parent = game.CoreGui.spawner.Main.BackgroundObjects
SpawnButton.BackgroundColor3 = Color3.new(0.0196078, 0.729412, 0.34902)
SpawnButton.BorderSizePixel = 0
SpawnButton.Position = UDim2.new(0, 34, 0, 193)
SpawnButton.Size = UDim2.new(0, 199, 0, 35)
SpawnButton.AutoButtonColor = false
SpawnButton.Font = Enum.Font.SourceSans
SpawnButton.FontSize = Enum.FontSize.Size14
SpawnButton.Text = ""
SpawnButton.TextSize = 14

local gui = spawner.Main
local box = gui:WaitForChild('ItemSearch')
local items = gui:WaitForChild('ItemFrame')
local path = Game.Lighting.assets.itemModels
local btn = gui:WaitForChild('SpawnButton')
local pos = gui:WaitForChild('BackgroundObjects').SpawnButton.Position


local function search(text)
	local items = {}
	for i, v in next, path:GetChildren() do
		if text:upper() == v.Name:sub(1, string.len(text)):upper() then
			table.insert(items, v.Name)
		end
	end
	return items
end

local function bind(thing, f)
	thing.MouseButton1Click:connect(function()
		f()
	end)
end

box.Changed:connect(function()
	local list = search(box.Text)
	if box.Text:gsub("", "") == "" then
		items.CanvasSize = UDim2.new(0, 0, 0, 0)
		items:ClearAllChildren()
		return 
	end
	items.CanvasSize = UDim2.new(0, 0, 0, 0)
	items:ClearAllChildren()
	for i, v in next, list do
		local yPos = ((20 * i) - 20)
		local s = Instance.new('TextButton', items)
		s.BorderSizePixel = 0
		s.Font = Enum.Font.ArialBold
		s.TextScaled = true
		s.Text = v
		s.Name = v
		s.BackgroundColor3 = Color3.fromRGB(211, 211, 211)
		s.TextColor3 = Color3.new(0, 0, 0)
		s.Size = UDim2.new(0, 155, 0, 20)
		s.Position = UDim2.new(0, 0, 0, yPos)
		bind(s, function()
			box.Text = s.Text
			items:ClearAllChildren()
			items.CanvasSize = UDim2.new(0, 0, 0, 0)
		end)
	end
	items.CanvasSize = UDim2.new(0, 0, 0, (20 * #list))
end)

local People = game.Players.LocalPlayer.Name
btn.MouseButton1Click:connect(function()
	game.Workspace.resources.events.createItemInWorld:FireServer(49,box.Text,Game.Workspace[People].Torso.CFrame,2000000000)
end)
          end)


          FeaturesSelect:NewButton("Base", "Don't use any type of healing item as it will reset your health to 100",function(bool)
            game.Workspace.resources.events.placeStructure:FireServer("Spike Wall", CFrame.new(1450.50415, 13.8982525, 2835.93677, -0.999961615, 0, 0.0088047618, 0, 1, 0, -0.0088047618, 0, -0.999961615), 77)
            game.Workspace.resources.events.placeStructure:FireServer("Spike Wall", CFrame.new(1441.77551, 13.8984308, 2835.88696, -0.999987841, 0, -0.00500666164, 0, 1, 0, 0.00500666164, 0, -0.999987841), 77)
            game.Workspace.resources.events.placeStructure:FireServer("Spike Wall", CFrame.new(1433.46252, 13.898488, 2835.96606, -0.999961615, 0, -0.0088047618, 0, 1, 0, 0.0088047618, 0, -0.999961615), 77)
            game.Workspace.resources.events.placeStructure:FireServer("Spike Wall", CFrame.new(1424.79041, 13.8984337, 2836.10059, -0.999424934, 0, -0.0339196771, 0, 1, 0, 0.0339196771, 0, -0.999424934), 77)
            game.Workspace.resources.events.placeStructure:FireServer("Spike Wall", CFrame.new(1416.09534, 13.8984299, 2836.3252, -0.999993086, 0, -0.00379816256, 0, 1, 0, 0.00379816256, 0, -0.999993086), 77)
            game.Workspace.resources.events.placeStructure:FireServer("Spike Wall", CFrame.new(1406.89124, 13.8984327, 2836.3457, -0.999996901, 0, -0.00250333641, 0, 1, 0, 0.00250333641, 0, -0.999996901), 77)
            game.Workspace.resources.events.placeStructure:FireServer("Spike Wall", CFrame.new(1398.02661, 13.8984318, 2836.37769, -0.999996901, 0, -0.00250333641, 0, 1, 0, 0.00250333641, 0, -0.999996901), 77)
            game.Workspace.resources.events.placeStructure:FireServer("Spike Wall", CFrame.new(1388.8916, 13.8984308, 2836.44849, -0.999886274, 0, -0.0151059246, 0, 1, 0, 0.0151059246, 0, -0.999886274), 77)
            game.Workspace.resources.events.placeStructure:FireServer("Spike Wall", CFrame.new(1380.36462, 13.8989182, 2836.52246, -0.999929428, 5.1415293e-07, 0.0119122295, -5.1415293e-07, 1, -8.63204987e-05, -0.0119122295, -8.63204987e-05, -0.999929428), 77)
            game.Workspace.resources.events.placeStructure:FireServer("Spike Wall", CFrame.new(1371.08948, 13.8984308, 2836.69287, -0.999961615, 0, 0.0088047618, 0, 1, 0, -0.0088047618, 0, -0.999961615), 77)
            game.Workspace.resources.events.placeStructure:FireServer("Spike Wall", CFrame.new(1361.30566, 13.8984308, 2836.71631, -0.999886274, 0, -0.0151059246, 0, 1, 0, 0.0151059246, 0, -0.999886274), 77)
            game.Workspace.resources.events.placeStructure:FireServer("Spike Wall", CFrame.new(1352.37366, 13.8986883, 2836.88647, -0.999887228, -6.48279638e-07, -0.0150196068, 6.48279638e-07, 1, -8.63195819e-05, 0.0150196068, -8.63195819e-05, -0.999887228), 77)
            game.Workspace.resources.events.placeStructure:FireServer("Spike Wall", CFrame.new(1342.5282, 13.8984337, 2836.9939, -0.999821663, 0, -0.0189036801, 0, 1, 0, 0.0189036801, 0, -0.999821663), 77)
            game.Workspace.resources.events.placeStructure:FireServer("Spike Wall", CFrame.new(1332.87585, 13.8984308, 2837.16992, -0.999773026, 0, -0.0213203281, 0, 1, 0, 0.0213203281, 0, -0.999773026), 77)
            game.Workspace.resources.events.placeStructure:FireServer("Spike Wall", CFrame.new(1323.81165, 13.8984299, 2837.36914, -0.99977088, 0, -0.0214066338, 0, 1, 0, 0.0214066338, 0, -0.99977088), 77)
            game.Workspace.resources.events.placeStructure:FireServer("Spike Wall", CFrame.new(1314.41357, 13.8950071, 2837.38599, -1, 0, 0, 0, 1, 0, 0, 0, -1), 77)
            game.Workspace.resources.events.placeStructure:FireServer("Spike Wall", CFrame.new(1304.77307, 13.8984308, 2837.37646, -0.99998045, 0, -0.00630147709, 0, 1, 0, 0.00630147709, 0, -0.99998045), 77)
            game.Workspace.resources.events.placeStructure:FireServer("Spike Wall", CFrame.new(1295.10864, 13.8984308, 2837.44702, -0.99998045, 0, -0.00630147709, 0, 1, 0, 0.00630147709, 0, -0.99998045), 77)
            game.Workspace.resources.events.placeStructure:FireServer("Spike Wall", CFrame.new(1285.08667, 13.8979406, 2837.52539, -0.996722341, 3.49474931e-06, -0.0809036791, -3.49474931e-06, 1, 8.62512607e-05, 0.0809036791, 8.62512607e-05, -0.996722341), 77)
            game.Workspace.resources.events.placeStructure:FireServer("Spike Wall", CFrame.new(1275.55579, 13.8984308, 2837.79761, -0.99961853, 0, -0.0276204105, 0, 1, 0, 0.0276204105, 0, -0.99961853), 77)
            game.Workspace.resources.events.placeStructure:FireServer("Spike Wall", CFrame.new(1257.81067, 13.8984337, 2838.69067, -0.999336481, 0, -0.0364218466, 0, 1, 0, 0.0364218466, 0, -0.999336481), 77)
            game.Workspace.resources.events.placeStructure:FireServer("Spike Wall", CFrame.new(1266.23376, 13.8984346, 2838.37109, -0.999141574, 0, -0.0414256752, 0, 1, 0, 0.0414256752, 0, -0.999141574), 77)
            game.Workspace.resources.events.placeStructure:FireServer("Spike Wall", CFrame.new(1248.40637, 13.8966961, 2838.7959, -0.999465227, 0, -0.0327116735, 0, 1, 0, 0.0327116735, 0, -0.999465227), 77)
            game.Workspace.resources.events.placeStructure:FireServer("Spike Wall", CFrame.new(1238.698, 13.8984299, 2839.16724, -0.999714136, 0, -0.0239094887, 0, 1, 0, 0.0239094887, 0, -0.999714136), 77)
            game.Workspace.resources.events.placeStructure:FireServer("Spike Wall", CFrame.new(1228.74976, 13.8982677, 2839.11792, -1, 0, 0, 0, 1, 0, 0, 0, -1), 77)
            game.Workspace.resources.events.placeStructure:FireServer("Spike Wall", CFrame.new(1219.53186, 13.8984308, 2839.14917, -0.998473883, 0, 0.0552250072, 0, 1, 0, -0.0552250072, 0, -0.998473883), 77)
            game.Workspace.resources.events.placeStructure:FireServer("Spike Wall", CFrame.new(1210.31384, 13.8977175, 2838.24731, -0.99089849, -1.16466817e-05, 0.134613976, 1.16466817e-05, 1, 0.000172250759, -0.134613976, 0.000172250759, -0.99089849), 77)
            game.Workspace.resources.events.placeStructure:FireServer("Spike Wall", CFrame.new(1200.724, 13.8984337, 2837.01831, -0.992582321, 0, 0.121574283, 0, 1, 0, -0.121574283, 0, -0.992582321), 77)
            game.Workspace.resources.events.placeStructure:FireServer("Spike Wall", CFrame.new(1191.49597, 13.8984327, 2836.64453, -0.999424934, 0, 0.0339196771, 0, 1, 0, -0.0339196771, 0, -0.999424934), 77)
            game.Workspace.resources.events.placeStructure:FireServer("Spike Wall", CFrame.new(1182.70056, 13.8984108, 2835.98291, -0.995797992, 0, 0.0915776193, 0, 1, 0, -0.0915776193, 0, -0.995797992), 77)
            game.Workspace.resources.events.placeStructure:FireServer("Spike Wall", CFrame.new(1173.53271, 13.8978834, 2835.13843, -0.995710492, -3.99772443e-06, 0.0925241411, 3.99772443e-06, 1, 8.62293964e-05, -0.0925241411, 8.62293964e-05, -0.995710492), 77)
            game.Workspace.resources.events.placeStructure:FireServer("Spike Wall", CFrame.new(1163.86499, 13.8984308, 2834.05127, -0.989384413, 0, 0.145324349, 0, 1, 0, -0.145324349, 0, -0.989384413), 77)
            game.Workspace.resources.events.placeStructure:FireServer("Spike Wall", CFrame.new(1153.74365, 13.8982763, 2833.33154, -0.998401523, 0, 0.0565183163, 0, 1, 0, -0.0565183163, 0, -0.998401523), 77)
            game.Workspace.resources.events.placeStructure:FireServer("Spike Wall", CFrame.new(1143.6322, 13.8984327, 2832.80005, -0.999087214, 0, 0.0427196436, 0, 1, 0, -0.0427196436, 0, -0.999087214), 77)
            game.Workspace.resources.events.placeStructure:FireServer("Spike Wall", CFrame.new(1133.96899, 13.8984327, 2832.37622, -0.999087214, 0, 0.0427196436, 0, 1, 0, -0.0427196436, 0, -0.999087214), 77)
            game.Workspace.resources.events.placeStructure:FireServer("Spike Wall", CFrame.new(1124.60486, 13.8984308, 2831.92236, -0.998672247, 0, 0.0515171327, 0, 1, 0, -0.0515171327, 0, -0.998672247), 77)
            game.Workspace.resources.events.placeStructure:FireServer("Spike Wall", CFrame.new(1114.81311, 13.8977747, 2831.83594, -0.999511719, -1.34871971e-06, 0.0312447548, 1.34871971e-06, 1, 8.63114765e-05, -0.0312447548, 8.63114765e-05, -0.999511719), 77)
            game.Workspace.resources.events.placeStructure:FireServer("Spike Wall", CFrame.new(1094.99365, 13.8984318, 2831.11157, -0.999336481, 0, 0.0364218466, 0, 1, 0, -0.0364218466, 0, -0.999336481), 77)
            game.Workspace.resources.events.placeStructure:FireServer("Spike Wall", CFrame.new(1104.99048, 13.8984308, 2831.47778, -0.999336481, 0, 0.0364218466, 0, 1, 0, -0.0364218466, 0, -0.999336481), 77)
            game.Workspace.resources.events.placeStructure:FireServer("Spike Wall", CFrame.new(1084.92615, 13.8984308, 2830.63794, -0.998609066, 0, 0.0527244061, 0, 1, 0, -0.0527244061, 0, -0.998609066), 77)
            game.Workspace.resources.events.placeStructure:FireServer("Spike Wall", CFrame.new(1075.54578, 13.8984308, 2829.90991, -0.996348381, 0, 0.0853807405, 0, 1, 0, -0.0853807405, 0, -0.996348381), 77)
            game.Workspace.resources.events.placeStructure:FireServer("Spike Wall", CFrame.new(1066.40808, 13.8984118, 2828.78833, -0.981322527, 0, 0.1923704, 0, 1, 0, -0.1923704, 0, -0.981322527), 77)
            game.Workspace.resources.events.placeStructure:FireServer("Spike Wall", CFrame.new(1057.03052, 13.8984318, 2826.68799, -0.969204426, 0, 0.246257693, 0, 1, 0, -0.246257693, 0, -0.969204426), 77)
            game.Workspace.resources.events.placeStructure:FireServer("Spike Wall", CFrame.new(1048.51196, 13.9007282, 2824.00269, -0.931207061, 9.6057156e-05, 0.364490598, -9.6057156e-05, 0.999999881, -0.000508946599, -0.364490598, -0.000508946599, -0.931206942), 77)
            game.Workspace.resources.events.placeStructure:FireServer("Spike Wall", CFrame.new(1039.88306, 13.8984318, 2820.15332, -0.854928374, 0, 0.518745959, 0, 1, 0, -0.518745959, 0, -0.854928374), 77)
            game.Workspace.resources.events.placeStructure:FireServer("Spike Wall", CFrame.new(1032.00964, 13.8959684, 2814.54492, -0.811920881, 5.29428471e-05, 0.58376801, -5.29428471e-05, 1, -0.000164325975, -0.58376801, -0.000164325975, -0.811920881), 77)
            game.Workspace.resources.events.placeStructure:FireServer("Spike Wall", CFrame.new(1023.65851, 13.8984556, 2808.80347, -0.806051731, 0, 0.591845036, 0, 1, 0, -0.591845036, 0, -0.806051731), 77)
            game.Workspace.resources.events.placeStructure:FireServer("Spike Wall", CFrame.new(1015.87262, 13.8984499, 2803.01196, -0.784744382, 0, 0.619819582, 0, 1, 0, -0.619819582, 0, -0.784744382), 77)
            game.Workspace.resources.events.placeStructure:FireServer("Spike Wall", CFrame.new(1007.62189, 13.8983564, 2797.41357, -0.840936303, 0, 0.541134298, 0, 1, 0, -0.541134298, 0, -0.840936303), 77)
            game.Workspace.resources.events.placeStructure:FireServer("Spike Wall", CFrame.new(999.391174, 13.8984318, 2792.16138, -0.828480721, 0, 0.560017526, 0, 1, 0, -0.560017526, 0, -0.828480721), 77)
            game.Workspace.resources.events.placeStructure:FireServer("Spike Wall", CFrame.new(991.439575, 13.8984308, 2786.6228, -0.825689197, 0, 0.564126015, 0, 1, 0, -0.564126015, 0, -0.825689197), 77)
            game.Workspace.resources.events.placeStructure:FireServer("Spike Wall", CFrame.new(983.608032, 13.8984365, 2781.27661, -0.816341519, 0, 0.577569544, 0, 1, 0, -0.577569544, 0, -0.816341519), 77)
            game.Workspace.resources.events.placeStructure:FireServer("Spike Wall", CFrame.new(975.869751, 13.8980427, 2775.9873, -0.793267488, 0, 0.608873487, 0, 1, 0, -0.608873487, 0, -0.793267488), 77)
            game.Workspace.resources.events.placeStructure:FireServer("Spike Wall", CFrame.new(968.801086, 13.8928595, 2770.08472, -0.692081094, -3.38707468e-05, 0.721819818, 3.38707468e-05, 1, 7.93993895e-05, -0.721819818, 7.93993895e-05, -0.692081094), 77)
            game.Workspace.resources.events.placeStructure:FireServer("Spike Wall", CFrame.new(962.258301, 13.8981438, 2762.65894, -0.678176045, -3.46270717e-05, 0.73489958, 3.46270717e-05, 1, 7.90724735e-05, -0.73489958, 7.90724735e-05, -0.678176045), 77)
            game.Workspace.resources.events.placeStructure:FireServer("Spike Wall", CFrame.new(955.792725, 13.8984308, 2755.07397, -0.651825786, 0, 0.758368671, 0, 1, 0, -0.758368671, 0, -0.651825786), 77)
            game.Workspace.resources.events.placeStructure:FireServer("Spike Wall", CFrame.new(949.907532, 13.8982286, 2747.16406, -0.546393633, 0, 0.837528467, 0, 1, 0, -0.837528467, 0, -0.546393633), 77)
            game.Workspace.resources.events.placeStructure:FireServer("Spike Wall", CFrame.new(945.087646, 13.897769, 2739.24316, -0.440905333, -4.56403759e-05, 0.897553563, 4.56403759e-05, 1, 7.3269679e-05, -0.897553563, 7.3269679e-05, -0.440905333), 77)
            game.Workspace.resources.events.placeStructure:FireServer("Spike Wall", CFrame.new(940.794983, 13.8984299, 2730.40454, -0.399453044, 0, 0.91675365, 0, 1, 0, -0.91675365, 0, -0.399453044), 77)
            game.Workspace.resources.events.placeStructure:FireServer("Spike Wall", CFrame.new(937.1427, 13.8974495, 2721.65356, -0.36023438, -0.000168833416, 0.932861805, 2.64552291e-05, 1, 0.000191200335, -0.932861805, 9.35560238e-05, -0.36023438), 77)
            game.Workspace.resources.events.placeStructure:FireServer("Spike Wall", CFrame.new(933.52771, 13.8983202, 2712.65869, -0.329306602, 0, 0.944223046, 0, 1, 0, -0.944223046, 0, -0.329306602), 77)
            game.Workspace.resources.events.placeStructure:FireServer("Spike Wall", CFrame.new(930.953918, 13.8984308, 2703.69238, -0.25360024, 0, 0.967309117, 0, 1, 0, -0.967309117, 0, -0.25360024), 77)
            game.Workspace.resources.events.placeStructure:FireServer("Spike Wall", CFrame.new(928.531982, 13.8984308, 2693.92529, -0.202335119, 0, 0.979316592, 0, 1, 0, -0.979316592, 0, -0.202335119), 77)
            game.Workspace.resources.events.placeStructure:FireServer("Spike Wall", CFrame.new(926.712402, 13.8984346, 2684.64087, -0.188538194, 0, 0.982065856, 0, 1, 0, -0.982065856, 0, -0.188538194), 77)
            game.Workspace.resources.events.placeStructure:FireServer("Spike Wall", CFrame.new(919.856506, 13.8984308, 2676.5127, -0.899411082, 0, 0.437104464, 0, 1, 0, -0.437104464, 0, -0.899411082), 77)
            game.Workspace.resources.events.placeStructure:FireServer("Spike Wall", CFrame.new(911.05011, 14.0031633, 2671.83838, -0.855578661, 0, 0.517672777, 0, 1, 0, -0.517672777, 0, -0.855578661), 77)
            game.Workspace.resources.events.placeStructure:FireServer("Spike Wall", CFrame.new(903.164795, 14.6290359, 2666.38086, -0.761075139, -5.9671529e-05, 0.64866364, 5.9671529e-05, 1, 0.000162003911, -0.64866364, 0.000162003911, -0.761075139), 77)
            game.Workspace.resources.events.placeStructure:FireServer("Spike Wall", CFrame.new(896.456177, 15.3909969, 2659.83081, -0.656563997, 0, 0.754270494, 0, 1, 0, -0.754270494, 0, -0.656563997), 77)
            game.Workspace.resources.events.placeStructure:FireServer("Spike Wall", CFrame.new(890.004272, 16.2841339, 2652.55542, -0.623165965, -0.000380350277, 0.782089472, 6.92875328e-05, 0.999999821, 0.000541533751, -0.782089591, 0.000391654467, -0.623165846), 77)
            game.Workspace.resources.events.placeStructure:FireServer("Spike Wall", CFrame.new(883.783081, 17.2595921, 2644.67188, -0.588767052, 0, 0.80830282, 0, 1, 0, -0.80830282, 0, -0.588767052), 77)
            game.Workspace.resources.events.placeStructure:FireServer("Spike Wall", CFrame.new(877.887085, 18.2676754, 2636.45361, -0.550004125, -4.09459353e-05, 0.835161924, 4.09459353e-05, 1, 7.59928953e-05, -0.835161924, 7.59928953e-05, -0.550004125), 77)
            game.Workspace.resources.events.placeStructure:FireServer("Spike Wall", CFrame.new(872.904236, 19.3137798, 2627.83472, -0.479202867, 4.40494841e-05, 0.877704144, -4.40494841e-05, 1, -7.4237003e-05, -0.877704144, -7.4237003e-05, -0.479202867), 77)
            game.Workspace.resources.events.placeStructure:FireServer("Spike Wall", CFrame.new(868.027771, 20.3647823, 2619.58228, -0.4949404, 0, 0.8689273, 0, 1, 0, -0.8689273, 0, -0.4949404), 77)
            game.Workspace.resources.events.placeStructure:FireServer("Spike Wall", CFrame.new(863.240234, 21.4387512, 2610.96899, -0.475142479, 0, 0.87990886, 0, 1, 0, -0.87990886, 0, -0.475142479), 77)
            game.Workspace.resources.events.placeStructure:FireServer("Spike Wall", CFrame.new(854.168152, 23.606926, 2593.60742, -0.440540195, 0, 0.897732854, 0, 1, 0, -0.897732854, 0, -0.440540195), 77)
            game.Workspace.resources.events.placeStructure:FireServer("Spike Wall", CFrame.new(858.599731, 22.52071, 2602.35254, -0.467419863, 0, 0.884035408, 0, 1, 0, -0.884035408, 0, -0.467419863), 77)
            game.Workspace.resources.events.placeStructure:FireServer("Spike Wall", CFrame.new(849.640381, 24.7696896, 2584.36719, -0.435965419, 0, 0.899963439, 0, 1, 0, -0.899963439, 0, -0.435965419), 77)
            game.Workspace.resources.events.placeStructure:FireServer("Spike Wall", CFrame.new(845.491211, 25.8575382, 2575.69849, -0.426944733, 0, 0.904277742, 0, 1, 0, -0.904277742, 0, -0.426944733), 77)
            game.Workspace.resources.events.placeStructure:FireServer("Spike Wall", CFrame.new(841.110657, 26.10116, 2566.34326, -0.422407389, 0, 0.906406045, 0, 1, 0, -0.906406045, 0, -0.422407389), 77)
            game.Workspace.resources.events.placeStructure:FireServer("Spike Wall", CFrame.new(837.149353, 26.1007576, 2557.45703, -0.387378216, -4.77752255e-05, 0.921920836, 4.77752255e-05, 1, 7.18958763e-05, -0.921920836, 7.18958763e-05, -0.387378216), 77)
            game.Workspace.resources.events.placeStructure:FireServer("Spike Wall", CFrame.new(830.094482, 26.1011581, 2549.83301, 0.0370067954, -0, -0.999315083, 0, 1, -0, 0.999315083, 0, 0.0370067954), 77)
            game.Workspace.resources.events.placeStructure:FireServer("Spike Wall", CFrame.new(834.015015, 26.1000443, 2538.74658, -0.11157608, 0, 0.993755937, 0, 1, 0, -0.993755937, 0, -0.11157608), 77)
            game.Workspace.resources.events.placeStructure:FireServer("Spike Wall", CFrame.new(827.766541, 26.101162, 2529.65454, 0.0223363042, -0, -0.999750495, 0, 1, -0, 0.999750495, 0, 0.0223363042), 77)
            game.Workspace.resources.events.placeStructure:FireServer("Spike Wall", CFrame.new(827.345886, 26.1011581, 2519.8689, -0.106506109, 0, -0.994312167, 0, 1, 0, 0.994312167, 0, -0.106506109), 77)
            game.Workspace.resources.events.placeStructure:FireServer("Spike Wall", CFrame.new(829.22467, 26.1011581, 2509.89868, -0.362185836, 0, -0.932105899, 0, 1, 0, 0.932105899, 0, -0.362185836), 77)
            game.Workspace.resources.events.placeStructure:FireServer("Spike Wall", CFrame.new(832.838196, 26.1011581, 2501.32422, -0.561638594, 0, -0.827382743, 0, 1, 0, 0.827382743, 0, -0.561638594), 77)
            game.Workspace.resources.events.placeStructure:FireServer("Spike Wall", CFrame.new(839.021667, 26.1011848, 2493.43896, -0.695728302, 0, -0.718305171, 0, 1, 0, 0.718305171, 0, -0.695728302), 77)
            game.Workspace.resources.events.placeStructure:FireServer("Spike Wall", CFrame.new(844.178406, 26.1011639, 2486.61743, -0.573758483, 0, -0.819024682, 0, 1, 0, 0.819024682, 0, -0.573758483), 77)
            game.Workspace.resources.events.placeStructure:FireServer("Spike Wall", CFrame.new(848.712646, 26.1011562, 2478.52051, -0.381247759, 0, -0.924472868, 0, 1, 0, 0.924472868, 0, -0.381247759), 77)
            game.Workspace.resources.events.placeStructure:FireServer("Spike Wall", CFrame.new(851.427795, 26.1011639, 2471.5354, -0.236416578, 0, -0.971651793, 0, 1, 0, 0.971651793, 0, -0.236416578), 77)
            game.Workspace.resources.events.placeStructure:FireServer("Spike Wall", CFrame.new(852.886292, 26.1011562, 2463.17822, -0.141354561, 0, -0.989959061, 0, 1, 0, 0.989959061, 0, -0.141354561), 77)
            game.Workspace.resources.events.placeStructure:FireServer("Spike Wall", CFrame.new(854.407104, 26.1010914, 2454.37866, -0.141241431, 0, -0.989975154, 0, 1, 0, 0.989975154, 0, -0.141241431), 77)
            game.Workspace.resources.events.placeStructure:FireServer("Spike Wall", CFrame.new(856.501465, 26.1011581, 2445.36108, -0.32088232, 0, -0.947119057, 0, 1, 0, 0.947119057, 0, -0.32088232), 77)
            game.Workspace.resources.events.placeStructure:FireServer("Spike Wall", CFrame.new(859.77002, 26.10116, 2436.44482, -0.509667039, 0, -0.860372126, 0, 1, 0, 0.860372126, 0, -0.509667039), 77)
            game.Workspace.resources.events.placeStructure:FireServer("Spike Wall", CFrame.new(869.164307, 26.1012611, 2420.9873, -0.676511765, 0, -0.736431837, 0, 1, 0, 0.736431837, 0, -0.676511765), 77)
            game.Workspace.resources.events.placeStructure:FireServer("Spike Wall", CFrame.new(864.200562, 26.1011581, 2428.39478, -0.576146007, 0, -0.817346811, 0, 1, 0, 0.817346811, 0, -0.576146007), 77)
            game.Workspace.resources.events.placeStructure:FireServer("Spike Wall", CFrame.new(869.164307, 26.1012611, 2420.9873, -0.676511765, 0, -0.736431837, 0, 1, 0, 0.736431837, 0, -0.676511765), 77)
            game.Workspace.resources.events.placeStructure:FireServer("Spike Wall", CFrame.new(879.981323, 26.10116, 2406.78491, -0.595161438, 0, -0.803606212, 0, 1, 0, 0.803606212, 0, -0.595161438), 77)
            game.Workspace.resources.events.placeStructure:FireServer("Spike Wall", CFrame.new(885.639893, 26.1011581, 2399.29858, -0.618430018, 0, -0.785839856, 0, 1, 0, 0.785839856, 0, -0.618430018), 77)
            game.Workspace.resources.events.placeStructure:FireServer("Spike Wall", CFrame.new(891.026001, 26.1011581, 2392.50391, -0.669952154, 0, -0.742404282, 0, 1, 0, 0.742404282, 0, -0.669952154), 77)
            game.Workspace.resources.events.placeStructure:FireServer("Spike Wall", CFrame.new(897.543335, 26.1011581, 2385.33374, -0.765647888, 0, -0.643260002, 0, 1, 0, 0.643260002, 0, -0.765647888), 77)
            game.Workspace.resources.events.placeStructure:FireServer("Spike Wall", CFrame.new(904.903137, 26.1011581, 2379.51172, -0.860454559, 0, -0.509527326, 0, 1, 0, 0.509527326, 0, -0.860454559), 77)
            game.Workspace.resources.events.placeStructure:FireServer("Spike Wall", CFrame.new(913.509277, 26.1011639, 2374.9541, -0.93219614, 0, -0.361953676, 0, 1, 0, 0.361953676, 0, -0.93219614), 77)
            game.Workspace.resources.events.placeStructure:FireServer("Spike Wall", CFrame.new(921.307983, 26.101162, 2371.19458, -0.87362659, 0, -0.486597061, 0, 1, 0, 0.486597061, 0, -0.87362659), 77)
            game.Workspace.resources.events.placeStructure:FireServer("Spike Wall", CFrame.new(929.191345, 26.101162, 2366.50586, -0.909335852, 0, -0.416062772, 0, 1, 0, 0.416062772, 0, -0.909335852), 77)
            game.Workspace.resources.events.placeStructure:FireServer("Spike Wall", CFrame.new(936.730713, 26.1011581, 2362.7063, -0.901911736, 0, -0.431920439, 0, 1, 0, 0.431920439, 0, -0.901911736), 77)
            game.Workspace.resources.events.placeStructure:FireServer("Spike Wall", CFrame.new(944.709229, 26.1011562, 2358.9519, -0.911782026, 0, -0.410674602, 0, 1, 0, 0.410674602, 0, -0.911782026), 77)
            game.Workspace.resources.events.placeStructure:FireServer("Spike Wall", CFrame.new(952.223999, 26.1011581, 2355.08936, -0.890187263, 0, -0.455594897, 0, 1, 0, 0.455594897, 0, -0.890187263), 77)
            game.Workspace.resources.events.placeStructure:FireServer("Spike Wall", CFrame.new(960.803711, 26.1011581, 2351.62622, -0.98281014, 0, -0.18462114, 0, 1, 0, 0.18462114, 0, -0.98281014), 77)
            game.Workspace.resources.events.placeStructure:FireServer("Spike Wall", CFrame.new(968.123962, 26.1011581, 2348.95703, -0.92002821, 0, -0.391852528, 0, 1, 0, 0.391852528, 0, -0.92002821), 77)
            game.Workspace.resources.events.placeStructure:FireServer("Spike Wall", CFrame.new(975.284607, 26.1014366, 2344.66797, -0.867966294, -2.21793598e-05, -0.496623158, 2.21793598e-05, 1, -8.34240127e-05, 0.496623158, -8.34240127e-05, -0.867966294), 77)
            game.Workspace.resources.events.placeStructure:FireServer("Spike Wall", CFrame.new(990.166443, 26.1011581, 2336.49902, -0.875011444, 0, -0.484102219, 0, 1, 0, 0.484102219, 0, -0.875011444), 77)
            game.Workspace.resources.events.placeStructure:FireServer("Spike Wall", CFrame.new(983.477478, 26.1011581, 2340.14819, -0.904418945, 0, -0.426645577, 0, 1, 0, 0.426645577, 0, -0.904418945), 77)
            game.Workspace.resources.events.placeStructure:FireServer("Spike Wall", CFrame.new(998.554504, 26.1011581, 2333.22632, -0.950879335, 0, -0.309562266, 0, 1, 0, 0.309562266, 0, -0.950879335), 77)
            game.Workspace.resources.events.placeStructure:FireServer("Spike Wall", CFrame.new(1005.47205, 26.101162, 2329.80322, -0.899333715, 0, -0.437263817, 0, 1, 0, 0.437263817, 0, -0.899333715), 77)
            game.Workspace.resources.events.placeStructure:FireServer("Spike Wall", CFrame.new(1020.35907, 26.1011581, 2321.88501, -0.89415586, 0, -0.447756201, 0, 1, 0, 0.447756201, 0, -0.89415586), 77)
            game.Workspace.resources.events.placeStructure:FireServer("Spike Wall", CFrame.new(1028.09387, 26.1014614, 2318.19409, -0.943853259, -1.44633414e-05, -0.330364853, 1.44633414e-05, 1, -8.51017103e-05, 0.330364853, -8.51017103e-05, -0.943853259), 77)
            game.Workspace.resources.events.placeStructure:FireServer("Spike Wall", CFrame.new(1035.50891, 26.1011581, 2315.05493, -0.901911736, 0, -0.431920439, 0, 1, 0, 0.431920439, 0, -0.901911736), 77)
            game.Workspace.resources.events.placeStructure:FireServer("Spike Wall", CFrame.new(1043.10828, 26.101162, 2311.74316, -0.899372101, 0, -0.437184066, 0, 1, 0, 0.437184066, 0, -0.899372101), 77)
            game.Workspace.resources.events.placeStructure:FireServer("Spike Wall", CFrame.new(1051.04919, 26.10116, 2308.13379, -0.949982285, 0, -0.312303871, 0, 1, 0, 0.312303871, 0, -0.949982285), 77)
            game.Workspace.resources.events.placeStructure:FireServer("Spike Wall", CFrame.new(1058.72034, 26.101162, 2304.81909, -0.927869558, 0, -0.372904867, 0, 1, 0, 0.372904867, 0, -0.927869558), 77)
            game.Workspace.resources.events.placeStructure:FireServer("Spike Wall", CFrame.new(1067.38416, 26.101162, 2301.3335, -0.927869558, 0, -0.372904867, 0, 1, 0, 0.372904867, 0, -0.927869558), 77)
            game.Workspace.resources.events.placeStructure:FireServer("Spike Wall", CFrame.new(1075.97388, 26.10116, 2297.70435, -0.923443079, 0, -0.383735478, 0, 1, 0, 0.383735478, 0, -0.923443079), 77)
            game.Workspace.resources.events.placeStructure:FireServer("Spike Wall", CFrame.new(1083.95898, 26.1011581, 2294.37817, -0.924553633, 0, -0.381051868, 0, 1, 0, 0.381051868, 0, -0.924553633), 77)
            game.Workspace.resources.events.placeStructure:FireServer("Spike Wall", CFrame.new(1092.42017, 26.10116, 2290.53809, -0.947186708, 0, -0.320682555, 0, 1, 0, 0.320682555, 0, -0.947186708), 77)
            game.Workspace.resources.events.placeStructure:FireServer("Spike Wall", CFrame.new(1101.18079, 26.10116, 2287.5437, -0.943360806, 0, -0.331769556, 0, 1, 0, 0.331769556, 0, -0.943360806), 77)
            game.Workspace.resources.events.placeStructure:FireServer("Spike Wall", CFrame.new(1109.36951, 26.1011581, 2284.00195, -0.95446384, 0, -0.298326463, 0, 1, 0, 0.298326463, 0, -0.95446384), 77)
            game.Workspace.resources.events.placeStructure:FireServer("Spike Wall", CFrame.new(1118.33655, 26.101162, 2281.94165, -0.998396754, 0, -0.0566045381, 0, 1, 0, 0.0566045381, 0, -0.998396754), 77)
            game.Workspace.resources.events.placeStructure:FireServer("Spike Wall", CFrame.new(1126.15076, 26.101162, 2280.6228, -0.975716352, 0, -0.219038099, 0, 1, 0, 0.219038099, 0, -0.975716352), 77)
            game.Workspace.resources.events.placeStructure:FireServer("Spike Wall", CFrame.new(1134.31824, 26.101162, 2278.25659, -0.975716352, 0, -0.219038099, 0, 1, 0, 0.219038099, 0, -0.975716352), 77)
            game.Workspace.resources.events.placeStructure:FireServer("Spike Wall", CFrame.new(1142.16211, 26.1011581, 2275.73218, -0.937400937, 0, -0.348252475, 0, 1, 0, 0.348252475, 0, -0.937400937), 77)
            game.Workspace.resources.events.placeStructure:FireServer("Spike Wall", CFrame.new(1149.95764, 26.101162, 2272.40552, -0.949982285, 0, -0.312303871, 0, 1, 0, 0.312303871, 0, -0.949982285), 77)
            game.Workspace.resources.events.placeStructure:FireServer("Spike Wall", CFrame.new(1158.00464, 26.1011581, 2269.61694, -0.93324101, 0, -0.359250844, 0, 1, 0, 0.359250844, 0, -0.93324101), 77)
            game.Workspace.resources.events.placeStructure:FireServer("Spike Wall", CFrame.new(1166.62817, 26.1011581, 2266.82788, -0.981704116, 0, -0.190412611, 0, 1, 0, 0.190412611, 0, -0.981704116), 77)
            game.Workspace.resources.events.placeStructure:FireServer("Spike Wall", CFrame.new(1174.37634, 26.10116, 2265.08765, -0.969589114, 0, -0.24473983, 0, 1, 0, 0.24473983, 0, -0.969589114), 77)
            game.Workspace.resources.events.placeStructure:FireServer("Spike Wall", CFrame.new(1182.2876, 26.1011581, 2262.49609, -0.962796569, 0, -0.270228624, 0, 1, 0, 0.270228624, 0, -0.962796569), 77)
            game.Workspace.resources.events.placeStructure:FireServer("Spike Wall", CFrame.new(1190.64124, 26.1011581, 2259.73511, -0.973737478, 0, -0.227675274, 0, 1, 0, 0.227675274, 0, -0.973737478), 77)
            game.Workspace.resources.events.placeStructure:FireServer("Spike Wall", CFrame.new(1199.0918, 26.1011581, 2257.59814, -0.98281014, 0, -0.18462114, 0, 1, 0, 0.18462114, 0, -0.98281014), 77)
            game.Workspace.resources.events.placeStructure:FireServer("Spike Wall", CFrame.new(1207.24036, 26.1011581, 2255.7561, -0.970308661, 0, -0.241871461, 0, 1, 0, 0.241871461, 0, -0.970308661), 77)
            game.Workspace.resources.events.placeStructure:FireServer("Spike Wall", CFrame.new(1215.9043, 26.1011639, 2253.75122, -0.983880997, 0, -0.178824782, 0, 1, 0, 0.178824782, 0, -0.983880997), 77)
            game.Workspace.resources.events.placeStructure:FireServer("Spike Wall", CFrame.new(1224.9989, 26.1011581, 2252.1687, -0.993017316, 0, -0.117968373, 0, 1, 0, 0.117968373, 0, -0.993017316), 77)
            game.Workspace.resources.events.placeStructure:FireServer("Spike Wall", CFrame.new(1232.94739, 26.101162, 2250.30176, -0.956192613, 0, -0.292738497, 0, 1, 0, 0.292738497, 0, -0.956192613), 77)
            game.Workspace.resources.events.placeStructure:FireServer("Spike Wall", CFrame.new(1241.16833, 26.101162, 2247.78198, -0.956192613, 0, -0.292738497, 0, 1, 0, 0.292738497, 0, -0.956192613), 77)
            game.Workspace.resources.events.placeStructure:FireServer("Spike Wall", CFrame.new(1249.01306, 26.1011581, 2244.67456, -0.927869558, 0, -0.372904867, 0, 1, 0, 0.372904867, 0, -0.927869558), 77)
            game.Workspace.resources.events.placeStructure:FireServer("Spike Wall", CFrame.new(1012.68573, 26.1011639, 2325.92163, -0.882031202, 0, -0.47119087, 0, 1, 0, 0.47119087, 0, -0.882031202), 77)
            game.Workspace.resources.events.placeStructure:FireServer("Spike Wall", CFrame.new(1257.30652, 26.1010838, 2241.99121, -0.968860745, 0, -0.247606561, 0, 1, 0, 0.247606561, 0, -0.968860745), 77)
            game.Workspace.resources.events.placeStructure:FireServer("Spike Wall", CFrame.new(1265.71704, 26.1011581, 2241.14746, -0.990781665, 0, -0.135471269, 0, 1, 0, 0.135471269, 0, -0.990781665), 77)
            game.Workspace.resources.events.placeStructure:FireServer("Spike Wall", CFrame.new(1274.30212, 26.0988121, 2239.96436, -0.990793347, 0, -0.135385528, 0, 1, 0, 0.135385528, 0, -0.990793347), 77)
            game.Workspace.resources.events.placeStructure:FireServer("Spike Wall", CFrame.new(1282.36084, 26.1011581, 2239.05566, -0.991561055, 0, -0.129640266, 0, 1, 0, 0.129640266, 0, -0.991561055), 77)
            game.Workspace.resources.events.placeStructure:FireServer("Spike Wall", CFrame.new(1291.32288, 26.1011562, 2237.95361, -0.995090127, 0, -0.0989759713, 0, 1, 0, 0.0989759713, 0, -0.995090127), 77)
            game.Workspace.resources.events.placeStructure:FireServer("Spike Wall", CFrame.new(1299.94788, 26.1011581, 2236.7998, -0.992842913, 0, -0.119428046, 0, 1, 0, 0.119428046, 0, -0.992842913), 77)
            game.Workspace.resources.events.placeStructure:FireServer("Spike Wall", CFrame.new(1308.24817, 26.1011581, 2235.64624, -0.980290771, 0, -0.197559938, 0, 1, 0, 0.197559938, 0, -0.980290771), 77)
            game.Workspace.resources.events.placeStructure:FireServer("Spike Wall", CFrame.new(1316.71899, 26.1011581, 2233.87573, -0.965522885, 0, -0.260318398, 0, 1, 0, 0.260318398, 0, -0.965522885), 77)
            game.Workspace.resources.events.placeStructure:FireServer("Spike Wall", CFrame.new(1325.20313, 26.0973911, 2231.66724, -0.995726824, 0.000282630906, -0.0923520029, 0.000234747611, 0.999999821, 0.000529349316, 0.092352137, 0.00050540769, -0.995726705), 77)
            game.Workspace.resources.events.placeStructure:FireServer("Spike Wall", CFrame.new(1332.61548, 26.1011581, 2229.70874, -0.970664859, 0, -0.240436628, 0, 1, 0, 0.240436628, 0, -0.970664859), 77)
            game.Workspace.resources.events.placeStructure:FireServer("Spike Wall", CFrame.new(1341.14136, 26.1011581, 2227.31421, -0.960792065, 0, -0.277270198, 0, 1, 0, 0.277270198, 0, -0.960792065), 77)
            game.Workspace.resources.events.placeStructure:FireServer("Spike Wall", CFrame.new(1349.49927, 26.1011581, 2224.72729, -0.953125596, 0, -0.302574843, 0, 1, 0, 0.302574843, 0, -0.953125596), 77)
            game.Workspace.resources.events.placeStructure:FireServer("Spike Wall", CFrame.new(1357.79456, 26.10116, 2222.34985, -0.980290771, 0, -0.197559938, 0, 1, 0, 0.197559938, 0, -0.980290771), 77)
            game.Workspace.resources.events.placeStructure:FireServer("Spike Wall", CFrame.new(1366.36255, 26.1011581, 2220.64404, -0.983080745, 0, -0.183172479, 0, 1, 0, 0.183172479, 0, -0.983080745), 77)
